529,538,
525,533,
530,535,
530,534,
537,537,
533,537,
534,538,
535,539,
534,537,
534,537,
534,538,
534,539,
535,538,
534,538,
534,538,
535,537,
535,538,
534,538,
535,541,
536,536,
536,538,
536,539,
536,541,
536,539,
537,540,
536,541,
537,540,
537,539,
533,539,
536,540,
536,538,
535,539,
535,538,
536,537,
535,538,
536,539,
536,540,
538,540,
536,540,
538,542,
537,544,
536,542,
539,540,
538,542,
537,541,
535,539,
536,541,
536,539,
538,541,
532,542,
540,540,
538,543,
537,541,
538,538,
538,537,
537,540,
537,539,
536,540,
537,539,
537,541,
537,540,
536,539,
537,540,
537,541,
537,541,
538,541,
538,542,
538,540,
536,541,
537,541,
538,543,
538,540,
538,541,
536,538,
536,539,
538,539,
537,540,
538,541,
538,541,
538,541,
537,540,
538,540,
539,540,
537,540,
537,542,
538,539,
538,542,
538,540,
539,540,
539,540,
538,538,
539,540,
539,540,
531,542,
538,538,
538,539,
538,541,
539,541,
538,542,
539,539,
538,540,
539,539,
536,541,
539,541,
539,539,
541,540,
540,540,
539,539,
539,537,
539,537,
539,538,
540,538,
538,541,
537,541,
538,542,
538,541,
538,539,
539,538,
539,537,
535,538,
539,539,
539,540,
539,540,
541,540,
537,540,
539,540,
538,540,
539,539,
538,539,
539,538,
538,538,
538,536,
534,533,
536,534,
536,532,
535,531,
535,532,
535,531,
536,530,
535,532,
534,530,
534,529,
534,529,
534,529,
534,529,
533,527,
535,528,
533,527,
533,528,
533,528,
534,530,
532,528,
532,529,
532,529,
532,529,
532,523,
532,527,
532,527,
531,527,
531,525,
531,527,
531,526,
531,525,
531,527,
531,526,
532,525,
531,525,
530,526,
531,527,
530,526,
530,526,
531,527,
530,525,
534,529,
530,526,
530,525,
530,525,
530,526,
530,524,
530,524,
530,525,
530,524,
530,526,
529,525,
529,524,
529,524,
529,523,
526,522,
530,523,
527,525,
529,526,
529,525,
529,524,
529,523,
529,524,
529,527,
529,524,
529,524,
528,524,
529,522,
529,525,
530,525,
529,524,
529,525,
531,526,
527,523,
528,523,
528,524,
527,524,
528,523,
528,523,
528,523,
528,521,
528,523,
528,524,
528,522,
527,522,
528,523,
528,528,
528,524,
528,524,
528,523,
528,522,
528,522,
528,523,
528,523,
525,523,
526,525,
528,524,
527,522,
527,522,
527,523,
528,520,
527,523,
529,526,
527,524,
528,522,
527,524,
527,523,
527,524,
526,523,
527,523,
527,523,
527,522,
527,522,
527,523,
527,523,
533,523,
518,523,
527,525,
527,523,
527,523,
527,522,
527,523,
527,521,
527,524,
527,523,
526,522,
527,523,
527,524,
526,525,
526,523,
526,522,
526,523,
527,523,
527,524,
526,523,
526,524,
526,524,
527,525,
526,524,
527,525,
527,524,
526,522,
528,521,
527,525,
524,524,
526,523,
526,524,
523,524,
526,523,
526,521,
526,521,
526,522,
526,523,
526,522,
525,524,
525,523,
526,523,
526,524,
526,524,
526,523,
526,524,
526,522,
526,523,
526,524,
526,522,
526,523,
526,522,
526,524,
526,522,
526,524,
526,524,
528,521,
526,521,
526,523,
526,523,
526,523,
526,522,
528,525,
526,526,
526,525,
527,525,
526,523,
526,523,
526,523,
525,524,
524,521,
526,522,
526,522,
526,518,
526,522,
526,523,
526,522,
526,524,
526,523,
526,522,
526,522,
526,524,
526,524,
526,523,
526,519,
526,523,
527,525,
525,525,
525,521,
526,524,
524,526,
526,523,
525,523,
525,523,
527,525,
526,526,
526,522,
526,523,
526,523,
525,525,
526,526,
525,524,
526,525,
526,525,
526,524,
525,524,
526,524,
526,525,
526,523,
526,524,
526,523,
522,525,
526,523,
526,523,
525,522,
525,524,
526,522,
526,523,
526,524,
526,525,
526,524,
526,524,
526,524,
526,523,
526,522,
526,523,
525,525,
526,524,
527,524,
526,524,
525,523,
522,523,
527,528,
526,525,
527,525,
526,526,
529,527,
528,526,
526,523,
525,522,
526,524,
526,525,
526,525,
526,523,
526,522,
526,526,
527,524,
526,524,
526,524,
525,523,
526,525,
526,526,
526,525,
526,527,
527,526,
525,528,
526,527,
526,527,
526,528,
526,524,
526,525,
525,525,
526,523,
525,524,
525,527,
525,526,
526,523,
526,525,
526,525,
526,525,
525,526,
525,526,
527,526,
525,526,
526,526,
526,527,
525,526,
525,525,
526,527,
526,526,
526,526,
526,527,
526,525,
526,527,
524,526,
526,525,
526,526,
526,527,
526,525,
526,525,
526,526,
526,526,
526,524,
526,524,
525,525,
526,525,
526,525,
526,525,
526,525,
526,525,
526,522,
526,524,
526,525,
526,526,
526,527,
526,527,
526,534,
526,526,
525,527,
523,527,
526,526,
526,523,
526,524,
526,527,
526,528,
527,527,
527,529,
524,527,
526,527,
526,526,
526,525,
525,525,
526,527,
526,527,
526,526,
526,524,
526,525,
526,524,
526,522,
526,526,
526,527,
526,527,
526,528,
526,522,
526,526,
525,527,
526,525,
526,525,
526,526,
526,526,
526,528,
526,527,
526,528,
526,526,
526,529,
527,526,
526,526,
527,527,
526,527,
526,527,
527,526,
526,528,
526,526,
526,526,
526,526,
526,527,
526,525,
526,527,
526,528,
526,529,
526,528,
531,524,
526,524,
526,526,
527,525,
526,527,
526,527,
527,523,
527,528,
531,531,
526,528,
527,528,
528,525,
526,529,
526,529,
527,527,
526,528,
525,529,
526,528,
526,531,
526,528,
527,527,
528,527,
526,529,
527,529,
529,527,
526,530,
527,528,
526,529,
527,528,
527,528,
528,528,
527,527,
527,527,
523,528,
525,529,
527,528,
527,529,
526,527,
524,527,
526,527,
526,526,
526,528,
526,528,
526,527,
526,527,
524,527,
526,524,
526,526,
527,526,
527,525,
527,524,
526,523,
527,527,
525,527,
526,527,
526,527,
527,527,
525,529,
526,528,
526,527,
527,529,
527,526,
527,527,
524,527,
527,527,
526,528,
527,526,
526,527,
527,526,
526,527,
524,530,
527,527,
527,528,
526,528,
526,529,
525,529,
527,527,
525,527,
526,526,
526,527,
527,528,
526,527,
524,525,
526,525,
526,524,
526,525,
526,526,
526,526,
526,524,
526,523,
526,525,
526,522,
526,522,
526,523,
525,522,
525,520,
525,521,
525,520,
525,520,
523,523,
526,521,
525,522,
524,524,
524,526,
524,521,
524,519,
524,519,
524,517,
523,518,
527,519,
524,520,
521,520,
523,521,
523,521,
523,521,
522,521,
522,519,
522,519,
522,517,
522,518,
521,517,
521,515,
521,518,
521,516,
521,517,
520,517,
520,515,
520,515,
520,514,
520,516,
525,515,
520,515,
519,517,
519,516,
520,516,
518,517,
519,517,
519,516,
518,516,
519,516,
519,517,
518,517,
519,517,
519,515,
521,516,
518,515,
517,515,
520,515,
518,514,
518,514,
517,515,
517,513,
517,512,
518,514,
517,514,
517,513,
517,513,
517,512,
517,512,
516,516,
516,511,
516,512,
516,512,
515,512,
515,512,
515,515,
516,517,
516,519,
515,520,
516,520,
516,520,
516,522,
517,523,
518,523,
521,523,
520,526,
520,528,
523,527,
523,527,
523,528,
524,530,
525,529,
526,530,
526,532,
524,532,
526,530,
528,532,
528,532,
528,534,
528,535,
529,535,
529,533,
530,535,
531,533,
531,534,
531,537,
531,535,
532,537,
532,537,
533,537,
532,538,
534,537,
534,539,
534,539,
534,538,
533,536,
533,536,
536,537,
534,533,
532,534,
534,536,
533,536,
532,534,
532,536,
533,535,
532,537,
533,537,
533,537,
532,534,
532,538,
532,535,
534,536,
533,532,
533,538,
532,536,
532,538,
533,538,
535,539,
533,538,
533,537,
532,533,
532,533,
531,532,
530,534,
531,534,
530,533,
531,534,
531,532,
531,531,
529,536,
531,532,
531,533,
529,531,
529,530,
530,529,
530,528,
530,530,
530,527,
530,528,
530,529,
529,529,
529,528,
529,527,
529,527,
526,529,
529,527,
528,527,
527,526,
528,527,
527,527,
527,527,
527,525,
527,525,
526,524,
527,523,
526,524,
527,523,
525,524,
527,524,
525,517,
526,522,
524,525,
524,521,
524,521,
522,520,
524,520,
521,520,
523,518,
523,517,
523,517,
523,518,
521,518,
522,518,
522,517,
522,515,
521,517,
521,516,
522,516,
521,521,
521,520,
521,518,
521,517,
520,515,
520,514,
519,514,
519,516,
517,517,
519,512,
518,514,
518,515,
518,513,
518,513,
517,513,
517,513,
517,514,
516,512,
516,510,
516,512,
516,511,
515,512,
515,512,
514,512,
514,508,
513,509,
513,507,
514,507,
514,506,
514,504,
513,506,
512,504,
512,503,
512,502,
511,505,
511,507,
512,504,
511,502,
513,503,
511,503,
510,500,
510,507,
509,503,
508,502,
509,500,
508,499,
508,499,
508,500,
508,500,
506,498,
507,499,
507,498,
509,499,
506,499,
506,498,
505,495,
505,495,
505,497,
505,495,
504,494,
504,495,
504,493,
503,496,
503,495,
504,495,
503,493,
503,492,
502,491,
502,491,
501,494,
501,494,
502,495,
500,489,
499,489,
498,491,
500,492,
499,494,
499,494,
499,491,
499,488,
498,488,
497,486,
497,485,
497,489,
498,487,
497,492,
497,486,
497,491,
496,491,
496,489,
496,485,
495,487,
495,487,
494,489,
495,492,
494,488,
493,489,
492,487,
490,486,
490,490,
493,490,
493,489,
492,483,
495,488,
493,489,
492,490,
491,490,
489,484,
490,484,
485,479,
490,483,
491,482,
490,488,
489,483,
491,488,
489,487,
489,489,
491,493,
488,492,
488,490,
488,490,
487,490,
493,490,
487,488,
485,489,
486,490,
486,486,
486,487,
489,489,
485,488,
487,487,
485,489,
486,487,
483,486,
485,486,
485,487,
488,489,
485,488,
484,486,
484,487,
485,487,
484,488,
484,488,
484,485,
484,488,
481,487,
484,485,
484,484,
483,484,
479,478,
483,485,
480,483,
481,484,
481,482,
484,482,
481,485,
480,482,
481,481,
481,483,
481,482,
478,482,
481,480,
479,481,
479,480,
479,484,
480,483,
480,484,
482,487,
481,487,
481,487,
480,484,
480,483,
480,480,
479,484,
479,481,
475,483,
478,483,
480,482,
478,480,
478,480,
477,478,
478,479,
477,480,
478,478,
479,482,
478,483,
479,481,
479,483,
478,481,
477,480,
476,482,
477,484,
477,481,
479,481,
478,482,
477,477,
478,483,
477,479,
479,480,
478,483,
484,479,
479,484,
480,484,
481,481,
480,481,
480,482,
479,480,
477,480,
477,475,
477,480,
477,479,
478,482,
480,485,
480,479,
480,482,
479,482,
480,484,
481,484,
481,484,
481,484,
475,485,
479,485,
480,484,
481,484,
480,485,
481,479,
480,483,
480,479,
480,484,
482,485,
479,481,
482,481,
481,484,
481,481,
481,482,
482,483,
481,482,
481,478,
480,484,
480,483,
479,484,
478,480,
478,478,
476,481,
477,480,
480,483,
479,481,
479,480,
479,483,
480,485,
481,488,
482,486,
482,487,
482,485,
479,484,
479,482,
480,482,
482,487,
482,487,
479,485,
477,485,
480,482,
481,483,
480,484,
484,482,
481,485,
481,481,
482,487,
482,488,
483,487,
486,489,
482,484,
483,487,
482,483,
481,483,
482,487,
483,488,
482,487,
481,483,
480,484,
480,482,
480,483,
480,483,
480,483,
478,484,
482,484,
480,486,
480,483,
480,483,
482,484,
480,482,
480,484,
480,484,
480,484,
480,485,
484,487,
484,489,
485,487,
484,485,
482,487,
485,487,
484,488,
482,488,
484,488,
485,491,
482,487,
484,489,
484,487,
484,486,
484,486,
484,488,
485,489,
486,489,
486,489,
487,486,
486,487,
486,488,
485,489,
486,493,
487,491,
487,491,
486,486,
486,489,
485,491,
486,489,
486,488,
485,489,
485,488,
485,491,
486,491,
486,488,
485,488,
485,489,
486,490,
486,487,
486,489,
486,490,
485,490,
486,493,
487,491,
487,492,
487,491,
488,492,
488,493,
489,493,
489,491,
488,490,
487,494,
491,493,
490,491,
490,491,
490,496,
491,495,
491,494,
491,495,
490,492,
489,492,
490,495,
489,492,
488,496,
490,496,
492,497,
490,496,
490,496,
491,496,
492,497,
492,494,
491,496,
491,496,
492,497,
492,498,
493,499,
492,498,
491,499,
492,494,
492,496,
492,498,
493,497,
491,494,
491,492,
490,494,
491,496,
491,494,
490,494,
490,496,
491,496,
494,497,
490,496,
486,490,
491,492,
492,497,
488,495,
494,499,
492,500,
495,497,
494,498,
494,496,
494,497,
494,493,
492,498,
494,495,
494,496,
496,500,
496,502,
497,501,
497,502,
497,501,
497,503,
497,501,
502,500,
497,501,
497,499,
496,500,
497,500,
497,501,
498,502,
498,500,
499,499,
498,499,
500,501,
498,497,
498,500,
499,500,
498,499,
496,499,
497,499,
498,502,
498,502,
499,504,
499,503,
500,503,
501,501,
498,500,
498,499,
502,505,
500,503,
498,503,
502,506,
502,508,
504,508,
503,507,
502,509,
505,508,
504,510,
505,512,
507,510,
507,512,
507,512,
507,512,
510,512,
508,514,
510,516,
509,513,
509,513,
510,513,
510,513,
511,514,
509,514,
513,517,
512,520,
510,518,
513,518,
512,516,
512,517,
513,518,
513,516,
514,518,
514,519,
515,519,
515,517,
515,519,
514,516,
515,519,
514,517,
515,519,
514,519,
513,517,
515,518,
515,519,
516,520,
516,520,
516,520,
517,520,
517,519,
515,521,
517,522,
518,523,
517,518,
517,517,
518,518,
518,519,
517,521,
518,520,
521,520,
517,523,
519,523,
519,524,
519,523,
520,523,
519,524,
521,524,
522,525,
520,523,
521,525,
521,525,
521,524,
520,522,
520,522,
522,525,
521,523,
523,524,
523,527,
524,527,
524,528,
524,528,
524,528,
524,526,
521,525,
525,526,
525,525,
524,528,
526,529,
524,527,
526,527,
526,529,
526,523,
526,528,
529,526,
526,529,
526,528,
527,530,
525,529,
526,528,
526,528,
526,526,
527,527,
528,528,
528,528,
528,529,
528,529,
527,529,
530,529,
527,531,
527,530,
528,529,
527,530,
528,530,
528,530,
528,528,
529,530,
528,531,
529,530,
528,531,
528,529,
528,530,
528,531,
528,530,
530,530,
529,531,
529,531,
529,532,
529,531,
529,533,
525,531,
525,530,
529,530,
530,534,
530,532,
529,534,
530,532,
528,533,
529,533,
530,533,
530,533,
531,533,
532,533,
530,533,
530,534,
527,535,
530,532,
529,533,
529,531,
530,534,
529,535,
532,537,
531,536,
531,535,
531,534,
532,534,
532,534,
532,536,
532,534,
532,537,
532,534,
532,534,
532,534,
532,533,
531,534,
532,535,
531,536,
537,538,
533,534,
532,533,
532,534,
531,535,
532,535,
533,537,
531,537,
530,537,
529,536,
532,538,
533,544,
534,536,
533,535,
534,534,
534,537,
534,536,
532,538,
538,537,
534,539,
533,537,
533,537,
533,537,
533,537,
533,536,
533,534,
534,535,
533,537,
