502,513,
507,518,
507,521,
506,518,
506,520,
507,520,
505,517,
509,520,
506,518,
507,518,
507,519,
508,521,
504,517,
508,520,
507,517,
508,519,
510,513,
507,519,
507,518,
507,518,
508,521,
508,521,
508,521,
509,519,
508,521,
508,520,
508,520,
509,522,
511,524,
509,519,
509,520,
510,522,
507,518,
510,522,
509,520,
509,520,
510,521,
509,520,
509,521,
509,520,
509,520,
509,519,
508,519,
509,519,
510,520,
511,522,
510,521,
510,521,
509,519,
510,520,
510,520,
511,523,
511,520,
510,521,
510,522,
510,521,
511,522,
511,521,
511,523,
510,523,
511,522,
511,521,
512,523,
512,523,
511,522,
511,521,
510,520,
511,521,
514,524,
510,521,
513,524,
511,523,
512,523,
514,525,
512,525,
511,522,
514,525,
513,524,
511,522,
511,522,
513,522,
511,521,
512,522,
511,521,
514,523,
514,525,
513,524,
513,522,
513,523,
513,524,
512,522,
510,523,
514,525,
514,525,
512,522,
514,524,
512,522,
513,524,
513,523,
514,524,
514,524,
514,524,
512,523,
512,522,
514,524,
513,523,
513,524,
516,527,
514,524,
513,524,
514,524,
513,523,
517,526,
514,523,
514,523,
511,525,
514,524,
516,525,
514,525,
514,525,
513,524,
511,523,
513,522,
512,519,
511,517,
512,519,
512,522,
512,520,
513,522,
512,520,
512,521,
514,527,
512,521,
513,522,
514,523,
514,523,
513,523,
517,524,
514,524,
512,521,
513,521,
513,522,
516,522,
512,520,
512,519,
512,519,
512,520,
512,519,
511,519,
511,517,
514,521,
510,516,
510,517,
509,517,
510,516,
510,515,
509,515,
510,515,
508,513,
509,514,
509,514,
508,513,
508,513,
508,514,
508,514,
508,513,
508,514,
508,513,
508,512,
508,512,
507,511,
508,510,
506,511,
507,512,
507,512,
507,512,
507,512,
506,511,
507,512,
509,510,
506,511,
503,511,
506,510,
506,510,
506,510,
506,510,
506,511,
506,510,
506,510,
506,511,
506,510,
506,510,
505,510,
505,509,
505,510,
504,509,
505,510,
504,508,
505,509,
505,510,
505,509,
505,509,
504,509,
504,508,
504,508,
504,508,
505,509,
505,509,
505,510,
504,507,
505,510,
505,509,
504,509,
505,509,
504,509,
504,508,
504,509,
504,508,
504,509,
504,509,
505,509,
504,508,
505,509,
504,509,
503,508,
504,509,
504,508,
504,508,
504,509,
504,508,
504,508,
504,509,
504,510,
504,509,
504,509,
506,511,
504,509,
504,509,
505,512,
504,510,
504,509,
504,508,
503,508,
504,508,
504,509,
504,509,
504,507,
504,508,
504,508,
504,508,
504,508,
504,509,
503,509,
504,508,
505,509,
504,509,
504,508,
504,508,
505,510,
504,509,
504,509,
504,508,
503,507,
503,508,
501,506,
504,507,
504,507,
504,508,
504,508,
504,507,
504,508,
503,506,
504,507,
503,507,
505,512,
504,507,
503,507,
503,506,
503,507,
504,508,
503,507,
505,507,
504,507,
504,507,
503,508,
504,507,
505,508,
504,508,
504,508,
504,508,
504,508,
504,507,
504,508,
504,509,
504,508,
504,508,
503,508,
504,509,
506,508,
504,507,
503,508,
505,508,
508,508,
503,507,
503,506,
504,507,
504,507,
503,508,
503,507,
504,507,
503,507,
503,507,
503,507,
503,507,
504,507,
504,508,
504,508,
504,508,
503,507,
503,507,
504,508,
503,507,
504,506,
504,507,
503,506,
502,510,
504,507,
503,507,
503,506,
504,507,
504,507,
504,507,
504,507,
504,507,
504,507,
504,507,
504,507,
504,507,
503,507,
504,506,
504,506,
503,506,
504,505,
504,506,
506,507,
503,506,
504,506,
504,507,
504,507,
504,507,
504,507,
503,506,
503,506,
504,506,
503,506,
503,506,
503,508,
503,506,
504,507,
503,506,
504,507,
503,506,
503,506,
504,506,
503,506,
504,507,
504,506,
503,506,
503,503,
503,506,
503,505,
504,506,
503,505,
504,506,
504,506,
503,506,
504,506,
503,503,
503,505,
504,506,
504,507,
503,505,
507,505,
504,506,
504,506,
503,505,
504,505,
503,505,
504,505,
503,505,
503,505,
503,505,
503,504,
504,505,
504,506,
504,506,
503,505,
504,505,
503,505,
504,506,
504,505,
503,506,
504,506,
504,506,
503,504,
504,506,
503,506,
504,505,
504,505,
504,505,
504,506,
504,506,
504,504,
502,505,
504,506,
504,505,
504,505,
504,505,
504,506,
504,505,
504,505,
504,505,
504,506,
503,504,
503,505,
506,506,
504,506,
504,505,
504,505,
504,506,
504,506,
503,504,
504,505,
504,505,
503,505,
504,505,
504,505,
504,505,
504,507,
505,506,
504,506,
504,505,
504,505,
505,506,
504,505,
505,505,
504,506,
504,506,
504,505,
504,505,
504,505,
504,505,
504,505,
504,506,
504,506,
504,505,
504,505,
504,505,
504,505,
504,504,
504,505,
504,506,
504,507,
504,505,
504,505,
504,506,
505,507,
504,507,
505,507,
505,506,
503,507,
504,505,
507,505,
504,505,
504,505,
505,506,
505,506,
504,506,
504,506,
505,506,
505,506,
505,506,
505,506,
505,507,
504,506,
505,507,
505,507,
505,506,
505,505,
505,506,
505,506,
505,507,
505,507,
505,506,
506,506,
504,506,
505,506,
508,507,
505,506,
505,506,
505,505,
505,505,
505,504,
504,509,
504,508,
505,506,
505,506,
505,506,
505,506,
505,506,
505,507,
506,506,
505,506,
505,504,
505,507,
505,506,
505,506,
506,507,
505,506,
505,506,
505,507,
506,507,
506,507,
505,506,
505,506,
505,507,
506,507,
506,507,
507,508,
506,506,
506,507,
504,507,
506,506,
506,506,
506,507,
506,507,
506,507,
506,508,
506,507,
506,507,
505,508,
506,507,
506,507,
506,507,
506,506,
506,506,
506,506,
506,506,
506,507,
505,506,
505,507,
505,505,
504,505,
506,506,
506,506,
506,506,
506,507,
507,507,
507,506,
506,508,
506,507,
506,507,
506,507,
510,510,
506,507,
506,506,
508,509,
506,507,
506,507,
506,507,
506,507,
504,507,
508,508,
506,508,
506,507,
507,507,
506,507,
507,507,
507,507,
503,507,
507,507,
507,507,
507,507,
507,506,
507,507,
506,507,
507,507,
506,507,
507,507,
507,505,
506,507,
506,507,
509,507,
507,507,
507,507,
506,508,
507,506,
506,507,
507,507,
503,504,
506,506,
506,507,
506,507,
507,506,
506,507,
507,507,
506,508,
506,506,
507,507,
506,507,
506,506,
506,506,
506,507,
505,506,
508,507,
506,506,
506,507,
506,507,
506,507,
506,506,
506,506,
507,507,
506,505,
506,506,
506,505,
506,506,
506,506,
506,506,
506,506,
505,505,
506,506,
505,506,
505,506,
505,505,
505,505,
505,507,
501,505,
505,505,
505,505,
505,505,
505,505,
504,504,
504,504,
504,503,
504,502,
504,502,
504,501,
503,501,
503,499,
503,501,
504,502,
502,499,
502,498,
501,497,
502,496,
502,497,
501,499,
502,497,
502,495,
502,495,
501,496,
500,495,
500,495,
499,494,
499,493,
500,494,
500,495,
499,494,
499,491,
499,492,
499,493,
499,492,
499,495,
498,493,
498,493,
497,494,
498,493,
497,495,
497,490,
497,490,
497,490,
497,494,
497,494,
496,489,
496,490,
498,492,
496,494,
497,495,
496,495,
496,495,
496,493,
496,495,
496,497,
496,497,
498,498,
498,500,
498,500,
500,502,
503,503,
499,501,
499,501,
499,502,
500,503,
500,505,
503,510,
501,506,
502,508,
502,507,
502,508,
502,508,
502,508,
500,506,
503,510,
501,506,
501,507,
507,511,
502,508,
503,508,
503,509,
502,508,
503,509,
502,508,
503,508,
503,509,
503,509,
501,506,
502,509,
502,507,
501,506,
501,506,
501,507,
501,506,
501,504,
501,506,
500,508,
499,505,
502,508,
500,505,
503,507,
501,507,
501,507,
501,506,
503,509,
502,508,
501,507,
500,506,
500,506,
500,506,
500,506,
501,507,
501,508,
499,506,
501,505,
500,505,
498,505,
499,505,
497,505,
499,507,
499,506,
499,506,
497,504,
498,506,
498,506,
498,506,
498,506,
497,505,
497,505,
495,500,
493,503,
495,506,
496,504,
494,502,
495,503,
494,501,
495,500,
493,501,
495,502,
495,503,
493,504,
493,502,
495,500,
493,502,
492,501,
492,501,
491,502,
492,503,
491,501,
492,502,
491,500,
489,500,
491,502,
491,502,
490,501,
489,501,
489,501,
489,500,
488,503,
490,502,
490,503,
489,502,
490,502,
488,501,
487,501,
486,500,
487,501,
486,500,
487,500,
485,499,
487,501,
486,501,
485,501,
487,501,
485,500,
487,502,
486,500,
484,500,
483,500,
482,498,
485,501,
483,499,
482,499,
484,500,
483,501,
481,500,
481,500,
481,499,
479,499,
479,499,
480,499,
481,500,
481,500,
480,500,
479,499,
479,498,
479,499,
476,497,
477,498,
478,499,
477,499,
478,499,
479,501,
475,498,
476,499,
474,495,
477,499,
475,494,
475,487,
473,479,
467,477,
460,475,
455,473,
455,474,
449,469,
450,471,
450,471,
449,470,
447,470,
448,471,
446,469,
443,470,
440,467,
444,470,
437,465,
439,468,
442,469,
437,466,
436,465,
432,463,
440,470,
434,465,
434,466,
435,467,
431,464,
433,467,
427,460,
426,464,
423,457,
430,464,
424,460,
423,457,
432,465,
422,460,
423,460,
421,459,
420,458,
426,465,
425,463,
422,458,
421,459,
422,460,
413,453,
420,460,
417,458,
421,463,
418,460,
414,456,
420,461,
416,461,
415,457,
413,454,
411,456,
415,460,
412,463,
406,468,
412,475,
417,479,
423,476,
430,478,
429,476,
432,464,
433,459,
429,454,
426,457,
414,452,
412,449,
411,451,
414,454,
406,450,
408,449,
413,451,
405,447,
412,452,
405,448,
407,452,
408,452,
406,450,
408,453,
404,450,
409,453,
407,453,
406,451,
400,448,
411,453,
400,447,
404,452,
399,449,
405,454,
396,449,
397,448,
404,452,
402,452,
401,452,
397,448,
399,450,
399,450,
399,450,
397,450,
397,448,
398,451,
402,453,
395,450,
393,447,
390,447,
395,450,
393,452,
393,448,
394,451,
388,447,
393,448,
395,449,
394,449,
391,448,
395,450,
396,454,
395,449,
390,448,
393,450,
387,446,
390,448,
392,452,
396,454,
393,452,
393,452,
393,453,
390,451,
396,452,
385,449,
387,449,
384,447,
383,444,
382,448,
388,450,
387,447,
389,448,
387,449,
388,450,
384,445,
382,444,
388,447,
379,445,
387,450,
383,443,
383,445,
384,445,
378,442,
377,439,
385,447,
391,449,
383,448,
380,446,
380,446,
384,448,
388,449,
378,446,
376,443,
382,448,
383,448,
393,458,
393,457,
395,458,
385,453,
396,459,
386,454,
390,455,
384,451,
391,454,
391,455,
382,447,
383,449,
388,456,
391,457,
389,457,
392,459,
391,456,
396,459,
393,460,
394,457,
391,456,
396,461,
389,459,
403,462,
391,456,
392,458,
389,455,
388,452,
385,451,
394,457,
401,461,
396,465,
395,461,
402,465,
396,460,
401,463,
398,460,
392,458,
391,453,
390,453,
384,452,
385,457,
384,464,
391,469,
387,465,
392,471,
399,470,
407,472,
401,467,
408,472,
410,474,
409,469,
405,464,
418,468,
407,459,
412,462,
409,463,
405,463,
401,460,
395,458,
399,459,
397,460,
400,461,
395,459,
396,458,
394,459,
403,462,
396,462,
396,461,
401,465,
398,462,
400,462,
399,462,
398,464,
392,459,
398,461,
391,457,
391,458,
392,456,
394,457,
393,457,
390,456,
391,458,
390,456,
387,455,
393,461,
403,468,
393,460,
395,458,
393,459,
392,459,
386,455,
398,463,
387,461,
389,466,
391,469,
402,473,
408,476,
407,473,
410,475,
410,475,
411,473,
415,475,
415,471,
409,461,
411,460,
413,460,
406,454,
405,459,
405,463,
397,455,
399,459,
397,459,
396,460,
402,460,
394,458,
390,457,
391,454,
397,460,
400,463,
394,458,
391,456,
391,456,
390,454,
392,455,
389,454,
390,454,
389,453,
389,450,
391,455,
388,453,
389,453,
390,455,
393,456,
389,454,
391,454,
392,457,
391,457,
393,457,
394,451,
396,457,
397,461,
397,463,
398,462,
404,462,
396,461,
397,460,
399,463,
405,467,
405,465,
398,463,
405,466,
405,465,
404,466,
406,467,
414,471,
409,470,
415,474,
416,476,
411,471,
416,473,
420,475,
415,471,
420,476,
420,474,
422,477,
417,474,
423,477,
418,472,
419,473,
425,478,
426,478,
427,477,
425,477,
430,480,
429,478,
436,481,
427,476,
429,477,
430,478,
432,478,
435,477,
433,477,
438,481,
438,482,
434,478,
436,480,
435,477,
436,479,
440,483,
440,483,
439,483,
440,481,
440,483,
443,485,
443,485,
444,486,
444,485,
444,487,
441,486,
449,490,
446,487,
443,487,
441,486,
444,488,
447,488,
444,488,
441,485,
445,487,
449,490,
447,487,
446,489,
450,491,
451,483,
450,490,
449,490,
451,491,
452,490,
450,489,
452,489,
453,489,
461,494,
457,492,
458,495,
456,493,
457,494,
456,493,
462,497,
462,497,
457,492,
457,493,
462,494,
461,495,
464,497,
460,495,
458,491,
460,497,
466,499,
463,497,
464,499,
464,501,
464,497,
469,501,
464,499,
467,499,
465,496,
470,502,
470,503,
468,501,
466,499,
466,498,
468,500,
468,497,
470,500,
469,500,
470,501,
468,499,
471,501,
470,499,
469,499,
471,500,
471,500,
473,502,
471,500,
472,501,
473,503,
476,504,
472,502,
474,503,
474,504,
474,504,
473,501,
472,500,
475,503,
477,504,
478,507,
477,505,
479,504,
481,504,
478,504,
477,503,
478,504,
479,504,
476,503,
476,502,
481,506,
477,504,
480,506,
480,506,
478,504,
480,505,
484,509,
483,508,
486,509,
481,505,
484,509,
482,507,
483,506,
488,511,
483,508,
486,509,
483,508,
487,509,
485,509,
484,507,
485,507,
488,511,
486,509,
491,511,
487,508,
490,510,
487,510,
487,509,
486,509,
489,510,
487,509,
487,510,
488,511,
488,510,
489,510,
487,509,
488,509,
488,510,
490,512,
487,512,
491,513,
493,513,
491,511,
490,511,
493,512,
493,513,
491,511,
492,512,
494,513,
492,511,
492,513,
492,512,
495,514,
495,515,
494,515,
495,514,
494,513,
495,514,
495,513,
492,512,
493,512,
495,514,
495,513,
497,514,
495,513,
496,516,
497,515,
494,513,
497,514,
496,514,
493,511,
495,512,
494,512,
495,513,
496,514,
499,516,
495,513,
499,516,
499,516,
497,516,
497,515,
497,514,
496,513,
497,515,
497,514,
498,516,
499,515,
499,516,
497,514,
499,516,
501,513,
501,516,
503,517,
499,514,
500,516,
500,516,
499,518,
501,516,
501,515,
500,516,
499,515,
500,515,
499,513,
501,517,
499,515,
500,516,
500,516,
501,516,
503,519,
502,515,
503,520,
502,517,
501,517,
502,518,
503,518,
503,520,
501,516,
502,517,
502,517,
502,517,
504,519,
504,519,
503,519,
502,517,
503,519,
503,517,
504,518,
502,517,
504,519,
503,519,
507,521,
504,519,
504,519,
504,518,
504,519,
506,522,
503,519,
506,521,
505,521,
504,519,
505,520,
505,520,
505,520,
505,520,
504,519,
505,520,
506,521,
504,518,
506,520,
505,519,
507,521,
