519,505,
520,509,
523,512,
524,509,
521,512,
521,510,
522,513,
523,513,
524,513,
522,513,
522,514,
521,513,
523,514,
527,515,
524,516,
524,514,
523,514,
532,514,
524,514,
520,514,
521,513,
523,513,
523,514,
521,515,
524,515,
523,516,
522,514,
524,514,
531,514,
526,516,
524,522,
526,516,
525,519,
527,517,
526,516,
526,516,
528,516,
526,516,
526,518,
525,517,
526,517,
526,516,
526,517,
525,525,
529,518,
527,518,
535,522,
530,517,
528,519,
527,517,
526,513,
529,518,
530,521,
529,520,
527,519,
530,524,
527,518,
528,520,
529,519,
529,519,
529,520,
528,520,
530,519,
529,520,
531,521,
528,520,
530,520,
530,524,
531,521,
529,520,
526,521,
537,522,
530,520,
531,520,
531,520,
530,523,
530,520,
531,520,
530,521,
531,519,
530,521,
529,521,
531,522,
532,520,
530,522,
532,522,
533,522,
530,523,
531,522,
531,523,
530,523,
535,522,
531,523,
530,519,
531,523,
530,523,
532,523,
532,523,
532,524,
534,524,
534,523,
532,525,
533,524,
533,522,
533,525,
533,522,
534,525,
533,523,
533,525,
533,526,
534,520,
535,526,
533,526,
534,529,
536,526,
534,527,
537,524,
535,527,
535,526,
534,525,
535,527,
535,527,
537,527,
537,529,
535,528,
534,528,
539,529,
536,532,
538,527,
536,528,
536,528,
536,532,
537,529,
540,531,
533,529,
536,528,
537,528,
536,527,
538,528,
537,532,
539,528,
536,528,
533,526,
536,529,
535,529,
537,529,
538,530,
538,529,
534,523,
540,530,
539,530,
539,530,
540,530,
543,530,
535,530,
539,527,
539,528,
539,531,
538,531,
539,530,
540,532,
539,532,
539,532,
539,531,
537,531,
537,531,
538,528,
538,531,
537,531,
537,531,
544,532,
542,532,
539,532,
538,532,
536,532,
545,535,
538,534,
538,532,
540,535,
540,533,
542,540,
539,533,
539,533,
539,533,
542,533,
542,538,
539,534,
539,533,
540,533,
540,533,
538,532,
546,540,
541,534,
541,535,
541,534,
541,539,
543,535,
540,534,
540,534,
540,534,
541,535,
541,536,
540,536,
543,534,
541,535,
543,535,
542,535,
542,535,
540,535,
542,534,
545,531,
543,529,
543,536,
544,537,
542,535,
541,536,
542,536,
538,533,
539,536,
541,536,
540,536,
544,534,
541,536,
541,536,
541,536,
543,536,
542,536,
541,535,
542,536,
543,536,
543,535,
540,538,
541,536,
543,536,
538,541,
544,537,
555,537,
542,537,
542,537,
543,537,
544,537,
544,537,
543,538,
544,537,
545,538,
542,535,
544,537,
549,537,
544,537,
544,538,
545,538,
544,535,
542,538,
544,538,
543,541,
544,539,
547,541,
544,538,
544,538,
545,538,
545,538,
545,540,
544,538,
545,539,
543,538,
546,539,
545,538,
544,540,
544,539,
547,539,
544,538,
546,538,
545,539,
544,539,
548,539,
545,539,
545,537,
543,538,
544,539,
548,539,
545,540,
545,538,
544,539,
545,539,
544,539,
544,539,
543,537,
544,539,
545,539,
545,539,
545,539,
545,539,
544,539,
543,541,
546,538,
541,536,
545,540,
543,542,
545,540,
547,540,
546,540,
549,541,
545,540,
552,536,
546,540,
545,540,
546,540,
547,540,
545,540,
545,540,
542,542,
543,534,
546,540,
546,540,
546,540,
546,541,
547,541,
546,550,
546,541,
548,541,
546,541,
545,533,
545,541,
546,540,
545,541,
546,541,
545,541,
547,541,
546,541,
547,541,
546,541,
545,541,
547,541,
546,539,
548,543,
548,541,
548,540,
547,541,
548,541,
546,541,
545,542,
550,539,
547,541,
542,538,
547,541,
547,536,
548,541,
547,542,
547,541,
547,540,
546,540,
545,540,
545,538,
543,539,
544,536,
543,539,
543,539,
542,538,
543,538,
541,538,
542,540,
541,538,
542,537,
541,537,
542,537,
542,535,
541,536,
540,536,
540,536,
540,537,
541,536,
541,536,
540,535,
540,535,
541,534,
540,535,
539,534,
540,534,
540,534,
540,534,
539,535,
541,537,
540,534,
538,534,
537,531,
540,535,
540,534,
539,534,
539,534,
539,534,
539,533,
540,534,
540,534,
543,532,
538,533,
538,534,
538,534,
538,534,
539,532,
539,533,
537,534,
541,533,
538,533,
540,536,
538,533,
534,530,
537,533,
538,533,
546,533,
537,533,
536,532,
539,532,
549,533,
537,533,
538,533,
537,533,
536,532,
537,533,
539,533,
538,529,
538,533,
538,528,
538,533,
525,536,
538,533,
537,533,
538,533,
537,533,
533,533,
537,533,
537,533,
537,533,
537,533,
536,532,
537,533,
537,533,
538,533,
538,533,
538,533,
538,534,
537,532,
538,533,
535,531,
548,533,
538,533,
540,543,
538,533,
538,534,
536,533,
537,535,
535,536,
538,533,
539,534,
533,534,
538,533,
535,534,
538,534,
538,534,
546,526,
538,533,
538,534,
537,534,
539,534,
539,536,
540,534,
539,534,
538,534,
539,534,
539,532,
539,534,
539,534,
538,534,
539,534,
540,534,
539,534,
539,534,
538,535,
539,534,
541,530,
538,534,
539,534,
539,535,
539,534,
542,545,
539,534,
540,535,
539,530,
540,535,
539,535,
539,535,
533,535,
542,537,
539,535,
540,535,
539,532,
539,535,
539,535,
539,534,
540,535,
539,535,
539,535,
540,535,
539,535,
540,536,
540,536,
540,536,
539,535,
540,536,
540,536,
540,536,
543,533,
541,536,
540,536,
541,535,
540,535,
541,536,
541,530,
541,536,
541,536,
542,539,
541,536,
541,536,
541,536,
541,536,
541,536,
541,536,
541,536,
541,537,
541,536,
541,537,
541,537,
545,539,
541,536,
541,537,
540,537,
541,537,
541,537,
543,539,
541,537,
541,537,
541,536,
541,534,
540,538,
541,537,
542,538,
542,537,
542,537,
541,537,
542,537,
542,537,
541,537,
542,539,
542,537,
540,532,
540,538,
542,537,
539,540,
542,539,
538,541,
542,537,
545,529,
542,538,
542,537,
544,541,
542,538,
543,534,
542,538,
541,538,
545,539,
543,538,
543,538,
542,538,
543,539,
543,539,
543,538,
542,538,
542,539,
543,539,
546,537,
543,538,
542,538,
543,539,
550,545,
543,539,
543,539,
543,535,
544,540,
543,539,
543,539,
543,540,
543,539,
543,540,
543,535,
543,540,
543,540,
544,538,
542,537,
544,540,
543,539,
540,542,
543,540,
544,540,
544,540,
544,540,
544,540,
544,538,
544,541,
543,541,
544,540,
544,539,
544,541,
544,540,
544,545,
545,541,
544,541,
545,541,
547,540,
545,539,
545,541,
545,541,
545,541,
544,541,
548,542,
547,539,
545,542,
545,542,
544,544,
546,541,
546,542,
545,542,
546,542,
546,542,
545,542,
546,543,
547,543,
541,545,
549,544,
546,543,
546,542,
546,543,
546,543,
545,542,
546,543,
548,540,
547,543,
547,545,
546,544,
547,553,
547,544,
547,544,
546,542,
547,544,
546,541,
547,543,
547,545,
547,544,
547,544,
549,543,
548,545,
548,543,
549,546,
548,542,
548,545,
548,545,
546,557,
548,545,
549,545,
548,545,
548,545,
548,545,
548,545,
548,544,
549,546,
549,546,
547,547,
549,550,
547,547,
548,545,
549,546,
549,546,
549,544,
554,551,
549,546,
545,546,
549,546,
549,559,
549,546,
550,546,
550,546,
548,550,
548,545,
549,546,
550,547,
550,547,
551,548,
549,547,
550,547,
549,548,
549,546,
550,547,
552,547,
543,547,
549,547,
549,547,
550,547,
550,547,
550,547,
554,547,
550,547,
548,543,
550,547,
550,547,
550,548,
550,547,
550,547,
550,547,
549,547,
552,547,
550,547,
549,546,
549,544,
550,547,
551,546,
550,555,
550,545,
551,549,
550,547,
550,544,
550,547,
550,548,
550,548,
550,548,
550,548,
550,548,
550,548,
550,548,
550,548,
551,548,
550,548,
550,548,
550,548,
549,548,
551,547,
550,547,
550,547,
551,548,
550,548,
550,548,
550,548,
551,548,
551,548,
552,547,
551,548,
549,550,
551,549,
551,548,
550,550,
552,546,
551,548,
550,550,
547,545,
551,548,
550,548,
549,547,
551,548,
550,548,
551,548,
551,548,
549,551,
550,548,
551,548,
552,549,
551,548,
552,548,
554,545,
551,549,
551,550,
550,557,
551,548,
552,548,
551,548,
551,548,
552,547,
551,548,
551,550,
551,547,
551,548,
551,549,
553,548,
549,547,
551,548,
551,548,
551,549,
552,548,
551,548,
550,548,
551,548,
551,549,
551,550,
551,549,
551,548,
551,548,
552,547,
551,549,
551,549,
551,549,
551,550,
551,549,
556,545,
551,548,
550,548,
551,548,
550,549,
551,549,
551,548,
550,548,
550,549,
550,548,
550,549,
550,548,
550,548,
550,548,
550,548,
547,548,
549,547,
545,552,
549,548,
548,547,
547,547,
546,546,
544,548,
541,547,
540,547,
541,546,
540,545,
534,546,
531,545,
529,545,
531,544,
525,543,
520,543,
519,538,
522,541,
521,540,
519,538,
516,539,
519,536,
520,537,
518,534,
514,534,
516,534,
514,533,
515,532,
509,531,
507,529,
510,528,
509,527,
503,526,
501,525,
501,523,
504,523,
499,521,
497,520,
498,518,
499,518,
493,516,
497,514,
495,517,
492,512,
491,511,
491,509,
492,508,
489,508,
485,516,
494,506,
496,505,
495,503,
495,502,
495,500,
496,499,
489,498,
489,497,
482,493,
491,495,
489,493,
492,493,
488,490,
489,490,
489,490,
488,488,
480,488,
480,486,
481,485,
485,483,
469,481,
473,481,
476,480,
470,476,
478,480,
479,479,
477,478,
480,476,
480,475,
477,470,
472,472,
467,471,
456,472,
460,470,
450,468,
452,468,
448,466,
449,465,
455,465,
438,461,
446,462,
444,461,
461,462,
447,461,
445,460,
456,458,
452,459,
454,459,
455,458,
455,458,
456,458,
441,456,
457,455,
467,455,
462,459,
445,453,
460,450,
465,452,
463,450,
453,451,
446,452,
448,451,
448,449,
452,448,
451,450,
464,445,
452,449,
449,448,
456,448,
464,447,
462,447,
462,449,
456,448,
448,445,
475,448,
475,442,
475,443,
478,444,
479,446,
478,443,
487,443,
484,443,
487,440,
489,446,
482,444,
496,444,
497,446,
485,443,
485,444,
486,445,
489,446,
490,447,
490,448,
485,447,
491,454,
489,451,
503,454,
501,456,
498,456,
506,458,
498,458,
492,453,
499,458,
502,460,
492,458,
494,462,
494,461,
491,460,
500,461,
494,465,
497,461,
506,463,
490,465,
492,462,
494,462,
497,460,
493,464,
500,465,
494,465,
504,466,
499,462,
494,464,
492,471,
503,464,
494,467,
483,465,
502,466,
500,467,
498,468,
491,463,
491,469,
497,466,
494,468,
495,467,
490,468,
490,468,
495,467,
498,468,
492,468,
492,469,
494,468,
497,466,
491,469,
490,469,
496,470,
492,467,
489,468,
487,471,
491,466,
487,469,
487,477,
490,468,
491,469,
489,471,
495,470,
493,470,
497,472,
498,472,
496,472,
498,472,
497,473,
495,473,
493,471,
503,473,
495,473,
499,472,
500,475,
498,465,
498,477,
495,471,
494,473,
495,474,
505,474,
499,474,
499,474,
501,474,
505,475,
511,476,
500,475,
500,475,
508,478,
502,475,
498,472,
498,473,
500,475,
499,474,
498,474,
494,472,
507,474,
499,474,
496,475,
500,475,
502,474,
495,475,
497,474,
498,468,
501,474,
500,474,
496,475,
493,475,
496,476,
496,475,
499,475,
499,479,
504,475,
502,475,
499,475,
496,474,
498,474,
499,475,
497,475,
497,475,
507,476,
498,476,
498,476,
498,476,
496,475,
499,476,
494,473,
501,480,
496,475,
493,475,
500,474,
496,475,
500,474,
493,474,
498,475,
494,476,
495,475,
496,476,
498,474,
499,475,
496,475,
497,474,
509,480,
495,476,
497,474,
495,474,
495,471,
495,474,
493,477,
494,475,
498,472,
500,474,
496,474,
496,473,
495,467,
496,475,
498,476,
495,473,
494,475,
493,475,
499,475,
494,474,
495,475,
497,474,
495,475,
501,473,
498,476,
499,475,
493,475,
501,475,
496,475,
499,475,
499,475,
498,479,
497,475,
497,475,
499,475,
494,476,
499,475,
497,476,
497,476,
493,475,
497,475,
501,476,
496,475,
497,473,
500,474,
497,475,
490,482,
494,476,
495,476,
500,475,
496,477,
496,474,
502,476,
501,474,
497,476,
496,478,
495,476,
501,477,
498,478,
491,486,
499,477,
498,475,
502,478,
506,479,
498,477,
501,476,
501,478,
510,478,
504,478,
499,477,
501,478,
501,480,
502,478,
512,480,
508,480,
500,480,
500,480,
501,477,
500,478,
499,479,
497,478,
504,479,
507,480,
507,480,
497,479,
502,479,
497,480,
497,480,
503,481,
508,480,
505,482,
499,480,
499,479,
512,486,
501,480,
502,480,
499,480,
506,481,
508,479,
503,481,
506,480,
511,483,
502,483,
510,483,
501,483,
505,483,
504,483,
499,482,
503,482,
503,482,
504,479,
504,482,
500,485,
499,483,
504,492,
500,482,
503,483,
510,481,
504,485,
500,482,
505,484,
503,484,
505,483,
509,484,
511,483,
507,485,
505,489,
507,484,
504,484,
501,486,
500,484,
509,485,
505,484,
504,494,
501,486,
506,485,
502,485,
510,486,
506,484,
503,486,
510,487,
508,487,
504,486,
505,487,
497,487,
502,487,
509,486,
507,488,
504,487,
508,486,
509,488,
516,489,
515,489,
509,488,
507,486,
514,490,
507,488,
508,490,
511,489,
514,490,
508,490,
516,490,
511,490,
511,491,
509,491,
507,493,
512,491,
508,491,
510,487,
509,491,
511,491,
511,490,
511,486,
507,491,
509,490,
509,491,
511,492,
511,493,
512,491,
509,492,
506,493,
511,492,
512,493,
511,493,
509,493,
509,492,
512,491,
509,493,
509,494,
510,490,
514,495,
511,486,
511,494,
514,495,
511,496,
510,495,
507,498,
519,504,
514,495,
506,494,
508,495,
512,494,
515,496,
519,496,
514,496,
518,496,
514,496,
512,498,
518,498,
516,497,
512,500,
510,496,
513,499,
515,498,
512,497,
510,500,
517,508,
518,499,
516,498,
510,498,
515,498,
515,498,
515,498,
513,498,
519,499,
515,500,
519,499,
513,500,
519,501,
518,500,
520,500,
515,495,
521,500,
523,500,
522,500,
518,501,
517,501,
518,499,
515,501,
518,502,
520,501,
519,502,
518,500,
518,503,
519,503,
517,504,
522,504,
521,504,
521,503,
517,504,
520,503,
522,503,
523,504,
515,501,
524,503,
523,502,
523,499,
525,504,
526,513,
528,504,
525,505,
525,504,
524,503,
528,505,
523,504,
527,505,
527,507,
522,505,
521,508,
523,505,
522,505,
526,512,
522,506,
528,506,
519,506,
521,506,
524,506,
524,505,
524,506,
522,506,
522,507,
522,506,
524,508,
525,506,
528,508,
525,508,
529,508,
530,509,
524,509,
524,509,
524,513,
524,510,
523,511,
516,510,
528,510,
527,511,
524,514,
529,510,
530,509,
527,510,
527,510,
528,512,
526,509,
528,507,
531,510,
529,510,
527,511,
526,511,
527,510,
525,511,
521,508,
526,512,
527,512,
526,511,
523,513,
523,511,
528,510,
532,516,
528,512,
532,514,
529,511,
533,512,
528,512,
525,513,
528,514,
528,513,
528,516,
527,513,
526,513,
528,514,
527,514,
523,514,
525,515,
525,514,
512,514,
529,515,
528,514,
529,515,
529,514,
527,515,
525,514,
527,514,
526,515,
532,516,
524,515,
527,514,
525,514,
527,515,
529,516,
528,517,
527,516,
527,517,
529,518,
528,518,
527,519,
526,517,
531,518,
530,517,
532,516,
528,516,
533,516,
529,517,
526,519,
531,518,
529,518,
531,517,
530,518,
530,516,
533,519,
530,519,
528,519,
529,519,
532,519,
530,516,
534,519,
532,519,
530,518,
531,519,
532,520,
532,519,
527,519,
528,519,
528,521,
528,520,
538,520,
545,526,
533,520,
533,521,
535,522,
532,524,
532,521,
532,521,
530,531,
528,520,
528,526,
532,521,
530,522,
532,522,
532,522,
531,522,
533,525,
534,523,
534,523,
532,523,
532,524,
529,523,
531,523,
531,523,
532,523,
532,523,
532,523,
533,525,
531,525,
536,524,
535,524,
533,525,
537,525,
533,525,
536,525,
536,525,
534,525,
532,528,
532,526,
535,515,
537,526,
532,527,
535,527,
535,526,
535,528,
534,526,
537,527,
537,527,
534,528,
536,527,
535,527,
536,527,
536,521,
535,528,
536,527,
537,528,
550,529,
539,529,
537,527,
533,527,
536,528,
535,536,
536,529,
549,525,
537,528,
536,528,
537,529,
539,529,
538,529,
539,528,
537,529,
539,530,
537,529,
538,530,
537,529,
537,530,
540,530,
539,532,
542,530,
544,525,
539,530,
542,531,
539,528,
542,531,
538,531,
537,545,
538,531,
538,531,
539,533,
538,530,
542,530,
544,531,
541,530,
541,532,
540,532,
540,531,
541,532,
539,532,
541,533,
538,532,
540,532,
540,533,
538,533,
540,531,
543,533,
545,534,
550,538,
541,533,
541,534,
542,539,
544,534,
543,534,
541,534,
547,537,
543,534,
545,535,
541,535,
544,535,
542,535,
542,535,
544,536,
541,536,
542,538,
540,535,
544,536,
542,535,
541,535,
542,535,
541,536,
540,538,
540,535,
543,536,
544,536,
542,535,
541,536,
543,537,
543,537,
542,537,
545,537,
544,537,
534,540,
543,538,
543,538,
544,537,
542,536,
541,540,
543,538,
544,537,
544,538,
544,538,
542,539,
544,538,
543,538,
545,540,
543,539,
544,539,
534,539,
544,543,
546,540,
544,523,
544,538,
546,540,
545,539,
554,540,
545,540,
545,537,
544,539,
545,540,
545,540,
545,540,
544,539,
544,540,
544,540,
548,543,
545,541,
546,541,
546,541,
541,537,
545,540,
547,542,
548,549,
546,543,
548,540,
547,542,
546,541,
546,542,
547,544,
546,542,
547,542,
546,542,
546,542,
545,542,
546,543,
548,543,
547,542,
546,543,
547,541,
546,543,
546,542,
550,543,
547,542,
547,543,
547,543,
547,543,
549,544,
547,543,
549,543,
555,543,
547,543,
548,543,
544,542,
541,543,
548,543,
548,543,
547,545,
546,541,
547,542,
547,543,
548,543,
546,546,
549,543,
548,544,
548,544,
545,542,
548,544,
547,544,
546,544,
547,543,
547,544,
547,544,
547,540,
547,543,
547,544,
546,544,
547,544,
546,544,
547,544,
547,544,
548,544,
548,545,
549,554,
547,545,
546,549,
549,545,
548,545,
549,545,
549,545,
550,545,
548,545,
550,545,
552,545,
549,546,
550,547,
550,547,
548,539,
547,546,
550,545,
549,540,
549,546,
548,546,
550,546,
549,546,
550,546,
549,546,
546,546,
548,546,
552,547,
550,546,
552,546,
547,551,
551,547,
550,546,
549,542,
550,547,
550,546,
536,547,
551,547,
550,547,
551,549,
550,547,
550,547,
554,546,
551,548,
549,548,
551,549,
551,548,
550,551,
551,548,
551,547,
553,550,
551,548,
551,556,
552,548,
551,548,
551,548,
551,548,
556,548,
551,548,
551,548,
549,546,
550,548,
554,549,
550,555,
550,547,
549,547,
551,548,
549,547,
549,547,
549,547,
549,547,
550,547,
548,546,
550,546,
549,547,
550,548,
549,547,
550,548,
549,550,
554,544,
550,546,
550,546,
550,546,
550,546,
550,548,
549,546,
550,546,
552,547,
550,546,
550,546,
550,548,
549,546,
549,544,
550,546,
550,545,
549,546,
549,545,
548,546,
549,545,
549,546,
548,544,
545,540,
548,542,
550,546,
546,549,
549,545,
548,545,
549,545,
550,545,
549,540,
549,545,
549,545,
549,545,
549,545,
550,545,
549,546,
549,545,
549,545,
549,544,
549,545,
549,545,
549,545,
558,545,
550,545,
549,545,
544,547,
549,545,
549,545,
548,545,
549,545,
548,544,
549,545,
549,545,
549,544,
549,545,
549,546,
549,545,
550,544,
553,546,
550,546,
549,545,
549,545,
552,553,
549,545,
549,545,
550,545,
551,546,
549,545,
549,545,
549,547,
548,546,
548,545,
549,546,
550,547,
549,545,
550,545,
549,554,
549,545,
550,545,
549,545,
549,545,
549,545,
549,545,
550,545,
550,545,
546,545,
549,545,
549,546,
549,546,
549,545,
549,545,
550,545,
549,546,
550,546,
550,546,
550,546,
550,545,
550,545,
550,546,
551,544,
550,547,
550,546,
550,546,
550,546,
550,544,
550,546,
549,546,
550,546,
546,550,
550,546,
550,546,
550,546,
549,546,
549,548,
546,544,
549,546,
549,546,
550,547,
550,540,
550,546,
550,546,
550,546,
550,546,
550,546,
551,548,
552,549,
550,546,
550,546,
550,546,
550,547,
550,546,
551,546,
548,547,
550,545,
549,545,
549,547,
546,544,
549,545,
551,546,
549,546,
550,546,
550,550,
549,546,
550,546,
551,548,
550,546,
549,546,
550,545,
549,546,
549,546,
549,546,
549,545,
550,546,
551,548,
550,546,
550,547,
550,544,
545,559,
549,546,
549,545,
551,544,
550,547,
549,545,
550,546,
550,546,
547,545,
549,546,
549,545,
550,546,
550,546,
549,546,
549,546,
549,547,
550,546,
549,545,
550,546,
549,546,
549,546,
549,540,
549,546,
546,542,
550,546,
550,546,
551,549,
550,546,
550,546,
551,546,
550,546,
550,546,
550,546,
550,543,
549,545,
550,546,
550,546,
550,546,
548,546,
550,547,
550,547,
550,546,
550,546,
550,547,
547,547,
550,553,
547,545,
551,548,
551,546,
548,544,
550,547,
550,547,
549,550,
551,547,
549,547,
551,548,
550,547,
550,547,
550,547,
553,536,
548,547,
550,547,
563,545,
550,547,
551,548,
551,547,
550,547,
550,547,
550,546,
548,547,
554,553,
550,547,
551,547,
549,545,
548,547,
550,547,
551,547,
553,554,
551,543,
551,547,
551,547,
545,547,
551,547,
551,547,
551,547,
551,548,
551,549,
551,547,
552,547,
551,547,
551,547,
551,547,
550,552,
549,550,
551,547,
550,548,
551,547,
551,553,
559,549,
551,548,
551,547,
551,548,
548,548,
552,549,
550,546,
551,548,
551,548,
551,548,
551,547,
551,548,
550,548,
551,548,
551,547,
550,552,
551,547,
551,548,
551,547,
551,548,
550,547,
551,547,
551,547,
551,548,
551,547,
551,548,
551,547,
551,547,
550,547,
551,548,
551,548,
550,542,
552,547,
551,547,
551,548,
551,547,
551,547,
551,548,
551,548,
552,546,
553,550,
551,548,
551,548,
551,548,
551,548,
552,547,
551,548,
552,548,
551,548,
552,548,
550,546,
551,548,
551,548,
551,550,
551,548,
549,546,
551,548,
551,547,
551,548,
551,548,
551,558,
551,548,
552,548,
551,547,
551,547,
551,548,
551,548,
553,549,
551,548,
553,542,
549,546,
551,548,
551,548,
550,546,
551,548,
551,548,
552,548,
551,548,
551,542,
551,547,
551,548,
551,548,
551,547,
551,547,
551,547,
551,548,
544,544,
550,548,
552,547,
552,547,
551,548,
551,547,
552,546,
554,550,
551,552,
551,548,
551,548,
551,549,
552,536,
552,547,
554,548,
550,548,
551,548,
551,548,
551,548,
552,548,
552,547,
551,548,
553,547,
548,548,
551,542,
551,547,
551,547,
551,548,
551,548,
550,546,
551,548,
551,548,
551,548,
551,547,
551,548,
551,548,
551,548,
551,547,
551,548,
551,548,
551,547,
551,548,
552,548,
551,548,
553,543,
551,548,
551,548,
551,548,
552,549,
551,547,
551,548,
551,547,
551,549,
551,548,
552,548,
550,547,
550,548,
551,547,
549,548,
551,547,
551,548,
554,547,
551,547,
551,548,
551,547,
551,547,
551,547,
543,543,
554,545,
550,547,
551,546,
549,545,
551,547,
550,546,
551,548,
551,548,
551,547,
551,547,
551,547,
549,547,
551,547,
552,549,
550,547,
551,547,
550,547,
550,547,
550,547,
550,547,
549,545,
550,540,
552,549,
550,546,
551,547,
550,547,
549,547,
550,547,
549,546,
551,548,
548,543,
549,546,
549,547,
549,546,
548,546,
547,546,
547,546,
548,549,
548,545,
552,542,
548,545,
548,546,
548,545,
547,545,
547,545,
547,545,
552,551,
545,547,
545,545,
544,544,
544,544,
543,545,
551,544,
542,546,
542,543,
537,543,
533,543,
533,542,
529,542,
528,544,
527,540,
524,540,
522,541,
521,539,
518,539,
516,537,
515,536,
512,536,
513,534,
511,532,
509,544,
507,529,
506,528,
504,527,
506,526,
506,530,
502,524,
503,523,
500,522,
499,520,
499,519,
495,521,
497,516,
494,515,
498,513,
496,512,
494,512,
498,511,
499,520,
496,509,
502,508,
502,508,
501,507,
502,505,
502,506,
504,503,
500,493,
505,506,
509,506,
503,505,
504,512,
506,505,
505,504,
507,505,
506,504,
512,502,
509,505,
511,504,
510,506,
509,506,
511,502,
510,506,
508,506,
511,506,
511,506,
512,506,
513,508,
512,505,
513,508,
513,508,
515,509,
515,510,
515,510,
515,509,
516,509,
515,506,
514,510,
517,511,
516,510,
517,511,
517,511,
516,511,
513,509,
517,511,
518,512,
517,512,
516,507,
516,512,
517,512,
518,514,
516,517,
513,510,
511,510,
509,515,
510,512,
510,511,
511,514,
514,513,
504,508,
500,509,
494,507,
484,506,
472,503,
472,502,
468,500,
463,498,
460,497,
466,498,
465,495,
464,494,
